,open_time,close_eth,close_btc,cor
8,1684548000000,1809.99,26846.5,0.16341023552874706
9,1684548900000,1808.86,26841.8,0.03793317431721043
18,1684557000000,1811.88,26852.6,0.22984093268455352
24,1684562400000,1808.24,26857.3,-0.22966391865156258
25,1684563300000,1808.4,26849.0,-0.21158770689708856
26,1684564200000,1808.21,26831.5,0.2785002443233959
27,1684565100000,1809.0,26840.6,0.2805375994423203
28,1684566000000,1809.27,26839.1,-0.28803188638114374
29,1684566900000,1809.43,26834.0,-0.15905409276160484
31,1684568700000,1810.24,26841.8,0.2360482369662383
54,1684589400000,1813.95,26878.8,0.44345027684553584
55,1684590300000,1813.27,26878.9,0.44861332671401316
63,1684597500000,1816.63,26936.0,0.018756378084276056
64,1684598400000,1816.04,26926.7,0.03762950199507209
65,1684599300000,1815.22,26922.0,-0.07782114491771196
69,1684602900000,1812.97,26914.7,0.010449029356311467
